function [t,y]=data2
 d= ...
  [0.0000000e+00   6.0950129e+00
   1.0000000e-03   6.0091328e+00
   2.0000000e-03   6.0327601e+00
   3.0000000e-03   6.0067688e+00
   4.0000000e-03   6.0334327e+00
   5.0000000e-03   6.0066824e+00
   6.0000000e-03   5.9623268e+00
   7.0000000e-03   5.9047751e+00
   8.0000000e-03   5.9713474e+00
   9.0000000e-03   5.9199961e+00
   1.0000000e-02   5.9234250e+00
   1.1000000e-02   5.9274685e+00
   1.2000000e-02   5.9268859e+00
   1.3000000e-02   5.8949918e+00
   1.4000000e-02   5.8253008e+00
   1.5000000e-02   5.8347844e+00
   1.6000000e-02   5.8743368e+00
   1.7000000e-02   5.8590925e+00
   1.8000000e-02   5.7950775e+00
   1.9000000e-02   5.8301000e+00
   2.0000000e-02   5.7332446e+00
   2.1000000e-02   5.7494986e+00
   2.2000000e-02   5.7823206e+00
   2.3000000e-02   5.6888178e+00
   2.4000000e-02   5.6885841e+00
   2.5000000e-02   5.6818703e+00
   2.6000000e-02   5.6684001e+00
   2.7000000e-02   5.6958765e+00
   2.8000000e-02   5.6497206e+00
   2.9000000e-02   5.6294227e+00
   3.0000000e-02   5.5981432e+00
   3.1000000e-02   5.6584037e+00
   3.2000000e-02   5.6153789e+00
   3.3000000e-02   5.6512294e+00
   3.4000000e-02   5.5918607e+00
   3.5000000e-02   5.5743739e+00
   3.6000000e-02   5.6044131e+00
   3.7000000e-02   5.5596225e+00
   3.8000000e-02   5.5147224e+00
   3.9000000e-02   5.5490559e+00
   4.0000000e-02   5.5530725e+00
   4.1000000e-02   5.4586769e+00
   4.2000000e-02   5.5123267e+00
   4.3000000e-02   5.4696667e+00
   4.4000000e-02   5.5024515e+00
   4.5000000e-02   5.4571399e+00
   4.6000000e-02   5.4654258e+00
   4.7000000e-02   5.4250213e+00
   4.8000000e-02   5.4002803e+00
   4.9000000e-02   5.3765035e+00
   5.0000000e-02   5.3646339e+00
   5.1000000e-02   5.4012986e+00
   5.2000000e-02   5.3511709e+00
   5.3000000e-02   5.3629128e+00
   5.4000000e-02   5.3117163e+00
   5.5000000e-02   5.3543350e+00
   5.6000000e-02   5.3103309e+00
   5.7000000e-02   5.3464756e+00
   5.8000000e-02   5.3338530e+00
   5.9000000e-02   5.2958890e+00
   6.0000000e-02   5.2742652e+00
   6.1000000e-02   5.3026960e+00
   6.2000000e-02   5.2830231e+00
   6.3000000e-02   5.2535240e+00
   6.4000000e-02   5.2590349e+00
   6.5000000e-02   5.2314963e+00
   6.6000000e-02   5.1879382e+00
   6.7000000e-02   5.1710127e+00
   6.8000000e-02   5.1644898e+00
   6.9000000e-02   5.1721399e+00
   7.0000000e-02   5.1798359e+00
   7.1000000e-02   5.1264773e+00
   7.2000000e-02   5.1678526e+00
   7.3000000e-02   5.1292958e+00
   7.4000000e-02   5.0980462e+00
   7.5000000e-02   5.1198258e+00
   7.6000000e-02   5.0927866e+00
   7.7000000e-02   5.0712256e+00
   7.8000000e-02   5.0848328e+00
   7.9000000e-02   5.0661760e+00
   8.0000000e-02   5.0722262e+00
   8.1000000e-02   5.0771578e+00
   8.2000000e-02   5.0224919e+00
   8.3000000e-02   5.0470364e+00
   8.4000000e-02   4.9651371e+00
   8.5000000e-02   5.0346653e+00
   8.6000000e-02   4.9527141e+00
   8.7000000e-02   4.9397108e+00
   8.8000000e-02   4.9909901e+00
   8.9000000e-02   4.9661140e+00
   9.0000000e-02   4.8950322e+00
   9.1000000e-02   4.8715822e+00
   9.2000000e-02   4.9488518e+00
   9.3000000e-02   4.8684604e+00
   9.4000000e-02   4.8675326e+00
   9.5000000e-02   4.8929471e+00
   9.6000000e-02   4.8444153e+00
   9.7000000e-02   4.8520972e+00
   9.8000000e-02   4.8008819e+00
   9.9000000e-02   4.8824950e+00
   1.0000000e-01   4.8312269e+00
   1.0100000e-01   4.8046121e+00
   1.0200000e-01   4.8031568e+00
   1.0300000e-01   4.7743722e+00
   1.0400000e-01   4.7736674e+00
   1.0500000e-01   4.7423995e+00
   1.0600000e-01   4.7672411e+00
   1.0700000e-01   4.7747809e+00
   1.0800000e-01   4.7412385e+00
   1.0900000e-01   4.7418485e+00
   1.1000000e-01   4.6882701e+00
   1.1100000e-01   4.6949401e+00
   1.1200000e-01   4.7249138e+00
   1.1300000e-01   4.7043157e+00
   1.1400000e-01   4.6720182e+00
   1.1500000e-01   4.6723966e+00
   1.1600000e-01   4.6847670e+00
   1.1700000e-01   4.6010237e+00
   1.1800000e-01   4.6451789e+00
   1.1900000e-01   4.5797325e+00
   1.2000000e-01   4.6060837e+00
   1.2100000e-01   4.5849135e+00
   1.2200000e-01   4.6317447e+00
   1.2300000e-01   4.5357299e+00
   1.2400000e-01   4.6009717e+00
   1.2500000e-01   4.6112354e+00
   1.2600000e-01   4.6031600e+00
   1.2700000e-01   4.5730651e+00
   1.2800000e-01   4.5280983e+00
   1.2900000e-01   4.5241434e+00
   1.3000000e-01   4.4858147e+00
   1.3100000e-01   4.5188998e+00
   1.3200000e-01   4.4767123e+00
   1.3300000e-01   4.5309028e+00
   1.3400000e-01   4.4977663e+00
   1.3500000e-01   4.4565344e+00
   1.3600000e-01   4.4800574e+00
   1.3700000e-01   4.4226829e+00
   1.3800000e-01   4.4301936e+00
   1.3900000e-01   4.4698777e+00
   1.4000000e-01   4.4352370e+00
   1.4100000e-01   4.3785491e+00
   1.4200000e-01   4.4316317e+00
   1.4300000e-01   4.4010263e+00
   1.4400000e-01   4.3419903e+00
   1.4500000e-01   4.3398165e+00
   1.4600000e-01   4.3703384e+00
   1.4700000e-01   4.3631476e+00
   1.4800000e-01   4.3277716e+00
   1.4900000e-01   4.3388286e+00
   1.5000000e-01   4.3170710e+00
   1.5100000e-01   4.2669575e+00
   1.5200000e-01   4.2559504e+00
   1.5300000e-01   4.2751889e+00
   1.5400000e-01   4.2359197e+00
   1.5500000e-01   4.2637675e+00
   1.5600000e-01   4.2844441e+00
   1.5700000e-01   4.2162027e+00
   1.5800000e-01   4.2012624e+00
   1.5900000e-01   4.2498024e+00
   1.6000000e-01   4.2402752e+00
   1.6100000e-01   4.1718794e+00
   1.6200000e-01   4.1628451e+00
   1.6300000e-01   4.1711471e+00
   1.6400000e-01   4.2017854e+00
   1.6500000e-01   4.1398291e+00
   1.6600000e-01   4.1618290e+00
   1.6700000e-01   4.1792421e+00
   1.6800000e-01   4.1789086e+00
   1.6900000e-01   4.1674838e+00
   1.7000000e-01   4.0977199e+00
   1.7100000e-01   4.1258658e+00
   1.7200000e-01   4.1157547e+00
   1.7300000e-01   4.0980617e+00
   1.7400000e-01   4.0692852e+00
   1.7500000e-01   4.1127000e+00
   1.7600000e-01   4.1062907e+00
   1.7700000e-01   4.1003771e+00
   1.7800000e-01   4.0667443e+00
   1.7900000e-01   4.0656925e+00
   1.8000000e-01   4.0136381e+00
   1.8100000e-01   4.0379566e+00
   1.8200000e-01   4.0558399e+00
   1.8300000e-01   4.0649287e+00
   1.8400000e-01   3.9943701e+00
   1.8500000e-01   3.9839745e+00
   1.8600000e-01   4.0365180e+00
   1.8700000e-01   3.9646751e+00
   1.8800000e-01   4.0134318e+00
   1.8900000e-01   4.0153110e+00
   1.9000000e-01   3.9392095e+00
   1.9100000e-01   3.9315221e+00
   1.9200000e-01   3.9041590e+00
   1.9300000e-01   3.8986365e+00
   1.9400000e-01   3.9465161e+00
   1.9500000e-01   3.8931814e+00
   1.9600000e-01   3.9501596e+00
   1.9700000e-01   3.8748642e+00
   1.9800000e-01   3.8662766e+00
   1.9900000e-01   3.9403715e+00
   2.0000000e-01   3.8766871e+00
   2.0100000e-01   3.8585003e+00
   2.0200000e-01   3.8477261e+00
   2.0300000e-01   3.8446423e+00
   2.0400000e-01   3.8393097e+00
   2.0500000e-01   3.8510107e+00
   2.0600000e-01   3.7957264e+00
   2.0700000e-01   3.7794792e+00
   2.0800000e-01   3.8134617e+00
   2.0900000e-01   3.8465451e+00
   2.1000000e-01   3.8449593e+00
   2.1100000e-01   3.7699787e+00
   2.1200000e-01   3.7515827e+00
   2.1300000e-01   3.8148777e+00
   2.1400000e-01   3.7434404e+00
   2.1500000e-01   3.7763162e+00
   2.1600000e-01   3.8005230e+00
   2.1700000e-01   3.7624490e+00
   2.1800000e-01   3.7751360e+00
   2.1900000e-01   3.6812530e+00
   2.2000000e-01   3.6861439e+00
   2.2100000e-01   3.7465214e+00
   2.2200000e-01   3.6998854e+00
   2.2300000e-01   3.7381440e+00
   2.2400000e-01   3.7148658e+00
   2.2500000e-01   3.7023905e+00
   2.2600000e-01   3.6605724e+00
   2.2700000e-01   3.6348876e+00
   2.2800000e-01   3.6261881e+00
   2.2900000e-01   3.6221009e+00
   2.3000000e-01   3.6376166e+00
   2.3100000e-01   3.6733709e+00
   2.3200000e-01   3.6292197e+00
   2.3300000e-01   3.6542292e+00
   2.3400000e-01   3.6111731e+00
   2.3500000e-01   3.6033114e+00
   2.3600000e-01   3.5951441e+00
   2.3700000e-01   3.5838157e+00
   2.3800000e-01   3.6252926e+00
   2.3900000e-01   3.5282470e+00
   2.4000000e-01   3.5500053e+00
